14167.4730667731
7482.72743517428
14909.1201288187
7822.20859502743
12748.3854928055
6859.99185912851
14369.711052524
16163.4091574138
13875.5810582744
14167.4730667731
9396.37278483121
6569.9656900332
11481.960523134
10737.7737589056
8091.76666885355
3630.68555261904
7661.29584084696
7013.00671366265
7482.72743517428
9396.37278483121
7635.73146549495
2987.13782743218
19652.0554812547
3050.17107828729
12840.7147768238
9645.12976592129
6647.7438252128
14909.1201288187
6569.9656900332
7635.73146549495
7179.44362627514
12130.9898083741
9375.41858049945
9130.71092349793
2291.15402049816
1033.61548533709
7822.20859502743
11481.960523134
2987.13782743218
7179.44362627514
16710.5057736648
5965.97997747552
15111.3063305891
8472.64538724505
6172.58131004258
12748.3854928055
10737.7737589056
19652.0554812547
12130.9898083741
16710.5057736648
17362.0430059053
7365.92571959559
10079.0410090297
13103.9522567092
6859.99185912851
8091.76666885355
3050.17107828729
9375.41858049945
5965.97997747552
17362.0430059053
10810.2301635132
11650.0917676843
8585.36265168796
14369.711052524
3630.68555261904
12840.7147768238
9130.71092349793
15111.3063305891
7365.92571959559
10810.2301635132
9141.45949709643
9899.64055936279
16163.4091574138
7661.29584084696
9645.12976592129
2291.15402049816
8472.64538724505
10079.0410090297
11650.0917676843
9141.45949709643
3090.11810921146
13875.5810582744
7013.00671366265
6647.7438252128
1033.61548533709
6172.58131004258
13103.9522567092
8585.36265168796
9899.64055936279
3090.11810921146
